#FIB	VALUE	MEMORY(bytes)	TIME(ms)	calls
0	1	0	0.08157	1
1	1	0	0.01970	2
2	2	0	0.02088	5
3	3	0	0.02605	10
4	5	0	0.02144	19
5	8	0	0.02256	34
6	13	0	0.02256	59
7	21	0	0.03485	100
8	34	0	0.02689	167
9	55	0	0.03108	276
10	89	0	0.03743	453
11	144	0	0.04812	740
12	233	0	0.06523	1205
13	377	0	0.09247	1958
14	610	0	0.13745	3177
15	987	0	0.20897	5150
16	1597	0	0.33636	8343
17	2584	0	0.51655	13510
18	4181	0	0.82231	21871
19	6765	0	1.41142	35400
20	10946	0	2.25350	57291
21	17711	0	3.42851	92712
22	28657	0	5.55154	150025
23	46368	0	8.94276	242760
24	75025	0	14.46818	392809
25	121393	0	23.16607	635594
26	196418	0	37.38122	1028429
27	317811	0	60.07119	1664050
28	514229	0	96.11195	2692507
29	832040	0	155.43039	4356586
30	1346269	0	251.22023	7049123
