#FIB	VALUE	MEMORY(bytes)	TIME(ms)	calls
0	1	0	0.08241	1
1	1	0	0.02011	2
2	2	687200	30.13868	5
3	3	687816	16.09555	10
4	5	1434584	23.14205	19
5	8	2180240	38.11986	34
6	13	3778912	106.52360	59
7	21	-25472408	218.89725	100
8	34	11207688	276.46771	167
9	55	20121608	324.58392	276
10	89	-59367352	372.20593	453
11	144	14142496	871.69379	740
12	233	38708616	1580.79749	1205
13	377	-165157584	2530.63501	1958
14	610	-94716616	5133.04004	3177
15	987	144543688	12226.54980	5150
16	1597	29321656	36627.39453	8343
17	2584	-33305480	111484.57813	13510
18	4181	-116862616	286991.56250	21871
19	6765	202839936	1027406.31250	35400
