#FIB	VALUE	MEMORY(bytes)	TIME(ms)	calls
0	1	0	0.12264	1
1	1	0	0.03702	2
2	2	0	0.04519	5
3	3	0	0.02165	10
4	5	0	0.02787	19
5	8	0	0.03213	34
6	13	0	0.04107	59
7	21	0	0.05503	100
8	34	0	0.07683	167
9	55	0	0.10951	276
10	89	0	0.19521	453
11	144	0	0.27448	740
12	233	0	0.43895	1205
13	377	0	0.68060	1958
14	610	0	1.09064	3177
15	987	0	1.66613	5150
16	1597	0	2.87851	8343
17	2584	3393440	3.48459	13510
18	4181	0	5.44252	21871
19	6765	3393472	9.52733	35400
20	10946	6786912	14.18393	57291
21	17711	6786912	23.85925	92712
22	28657	13573808	37.48375	150025
23	46368	-145967880	50.87001	242760
24	75025	37328040	76.46580	392809
25	121393	57688640	124.29401	635594
26	196418	-62009312	201.64659	1028429
27	317811	-7380696	250.78503	1664050
28	514229	106454696	388.93478	2692507
29	832040	-8153832	631.01434	4356586
30	1346269	-11096520	1065.49890	7049123
