#FIB	VALUE	MEMORY(bytes)	TIME(ms)	calls
0	1	0	0.12180	1
1	1	0	0.05769	2
2	2	0	0.15609	5
3	3	0	0.21818	10
4	5	0	0.27937	19
5	8	0	0.31729	34
6	13	0	0.35933	59
7	21	0	0.34816	100
8	34	0	0.39181	167
9	55	0	0.59414	276
10	89	0	0.80080	453
11	144	0	1.07465	740
12	233	0	1.61012	1205
13	377	0	10.77595	1958
14	610	0	4.04584	3177
15	987	0	6.65755	5150
16	1597	1125152	6.15009	8343
17	2584	0	1.55718	13510
18	4181	0	2.46204	21871
19	6765	1125152	3.88129	35400
20	10946	1125152	6.27559	57291
21	17711	1125152	10.11469	92712
22	28657	3375456	16.12545	150025
23	46368	4500608	25.98982	242760
24	75025	6750912	42.08308	392809
25	121393	11588536	69.37432	635594
26	196418	19127584	113.34200	1028429
27	317811	-100539032	184.90285	1664050
28	514229	47841120	289.30496	2692507
29	832040	-51727576	511.11520	4356586
30	1346269	-134066984	762.20209	7049123
