#FIB	VALUE	MEMORY(bytes)	TIME(ms)	calls
0	1	0	0.06586	1
1	1	0	0.02074	2
2	2	0	0.02018	5
3	3	0	0.01984	10
4	5	0	0.01984	19
5	8	0	0.02046	34
6	13	0	0.01760	59
7	21	0	0.01977	100
8	34	0	0.02053	167
9	55	0	0.02074	276
10	89	0	0.02074	453
11	144	0	0.02500	740
12	233	0	0.02165	1205
13	377	0	0.01991	1958
14	610	0	0.02151	3177
15	987	0	0.02382	5150
16	1597	0	0.02787	8343
17	2584	0	0.03394	13510
18	4181	0	0.04477	21871
19	6765	0	0.06090	35400
20	10946	0	0.08653	57291
21	17711	0	0.12921	92712
22	28657	0	0.20093	150025
23	46368	0	0.30877	242760
24	75025	0	0.49028	392809
25	121393	0	0.79277	635594
26	196418	0	1.25651	1028429
27	317811	0	2.10243	1664050
28	514229	0	3.26494	2692507
29	832040	0	5.24683	4356586
30	1346269	0	8.94778	7049123
