#FIB	VALUE	MEMORY(bytes)	TIME(ms)	calls
0	1	0	0.16545	1
1	1	0	0.05231	2
2	2	0	0.06663	5
3	3	0	0.04309	10
4	5	0	0.06006	19
5	8	0	0.08667	34
6	13	0	0.13137	59
7	21	0	0.20023	100
8	34	0	0.31945	167
9	55	0	0.50726	276
10	89	0	1.55439	453
11	144	0	8.99451	740
12	233	0	9.82569	1205
13	377	0	2.16711	1958
14	610	0	8.49472	3177
15	987	0	3.67177	5150
16	1597	0	1.79806	8343
17	2584	0	2.97622	13510
18	4181	2269840	4.97389	21871
19	6765	0	6.07626	35400
20	10946	2269816	6.73703	57291
21	17711	4539656	10.60498	92712
22	28657	4539656	17.95375	150025
23	46368	6809472	32.21436	242760
24	75025	13618944	51.48406	392809
25	121393	22698232	83.70779	635594
26	196418	-98694200	128.99930	1028429
27	317811	55495136	182.36278	1664050
28	514229	-171980272	296.01370	2692507
29	832040	144696944	494.72345	4356586
30	1346269	-27071840	814.67847	7049123
