#FIB	VALUE	MEMORY(bytes)	TIME(ms)	calls
0	1	623688	0.68815	1
1	1	64	0.63625	2
2	2	256	4.49058	5
3	3	627328	5.39266	10
4	5	625064	4.88518	19
5	8	1245472	14.03656	34
6	13	1960800	13.84869	59
7	21	3142568	23.49049	100
8	34	4399736	39.77119	167
9	55	7491168	61.43644	276
10	89	-19352800	91.14588	453
11	144	20889032	124.82202	740
12	233	-31818280	212.75185	1205
13	377	-12836448	356.48883	1958
14	610	-19397920	606.41010	3177
15	987	43889952	712.26556	5150
16	1597	-54851256	1255.45703	8343
17	2584	44309248	1277.71497	13510
18	4181	32900512	1851.43250	21871
19	6765	-7688112	3143.21436	35400
20	10946	10794472	4843.96973	57291
21	17711	298968	7935.56689	92712
22	28657	-10447544	13046.56055	150025
23	46368	8488728	20466.30859	242760
24	75025	-7704880	32753.42969	392809
25	121393	-12286448	53093.85938	635594
26	196418	12732960	86034.18750	1028429
27	317811	17790232	137374.98438	1664050
28	514229	-1032944	222861.42188	2692507
29	832040	-10467008	420509.25000	4356586
30	1346269	22205488	712078.81250	7049123
Unrecognized option: -ja
Could not create the Java virtual machine.
