#FIB	VALUE	MEMORY(bytes)	TIME(ms)	calls
0	1	609256	2.94598	1
1	1	0	0.85060	2
2	2	605264	3.27360	5
3	3	617896	6.11796	10
4	5	1207600	14.94492	19
5	8	1201784	10.97437	34
6	13	2427040	24.57121	59
7	21	4290824	37.52405	100
8	34	6622560	53.68070	167
9	55	-19671176	132.48367	276
10	89	18262040	119.95974	453
11	144	-34679400	208.67325	740
12	233	-14975632	462.11462	1205
13	377	-27727864	478.42627	1958
14	610	18707040	728.49524	3177
15	987	32864432	1299.88452	5150
16	1597	-115642984	1320.30139	8343
17	2584	-86490496	1917.56982	13510
18	4181	158027904	2503.37622	21871
19	6765	220400	4084.52661	35400
