#FIB	VALUE	MEMORY(bytes)	TIME(ms)	calls
0	1	315064	2.29589	1
1	1	0	0.54448	2
2	2	128	2.21935	5
3	3	315568	6.10336	10
4	5	970040	7.40639	19
5	8	1242016	8.22933	34
6	13	2199336	13.92705	59
7	21	-12116472	31.29071	100
8	34	5296944	32.92206	167
9	55	-23617112	61.45314	276
10	89	15280856	95.60358	453
11	144	-8046136	134.29347	740
12	233	-13235088	223.11761	1205
13	377	10182888	320.98141	1958
14	610	16733400	453.57843	3177
15	987	-54495896	705.95056	5150
16	1597	20799984	912.15405	8343
17	2584	-14485984	1266.14807	13510
18	4181	11019816	1733.61792	21871
19	6765	32496408	3028.60815	35400
20	10946	-7993272	4607.34082	57291
21	17711	10216872	7454.40820	92712
22	28657	13690528	12202.40918	150025
23	46368	-16984456	19617.30273	242760
24	75025	12534504	31875.52734	392809
25	121393	333048	52331.30469	635594
26	196418	5609280	83794.84375	1028429
27	317811	-10362304	137988.65625	1664050
28	514229	16700008	224720.56250	2692507
29	832040	20436416	359381.25000	4356586
30	1346269	-13300384	822364.50000	7049123
Unrecognized option: -ja
Could not create the Java virtual machine.
